%SXX+Object Module
# Object module for file Test/prime.sax
2444 text length
% text
21
2007
:1
:1
:1
:1
:2001
21
2065
84
104
105
115
32
112
114
111
103
114
97
109
32
103
101
110
101
114
97
116
101
115
32
112
114
105
109
101
32
110
117
109
98
101
114
115
46
32
32
69
110
116
101
114
32
116
104
101
32
117
112
112
101
114
10
0
2
2009
22
2398
21
2124
108
105
109
105
116
32
111
110
32
116
104
101
32
112
114
105
109
101
115
32
121
111
117
32
119
97
110
116
32
103
101
110
101
114
97
116
101
100
46
32
32
73
116
32
109
117
115
116
32
98
101
10
0
2
2071
22
2398
21
2145
98
101
116
119
101
101
110
32
50
32
97
110
100
32
0
2
2130
22
2398
2
2000
40
21
2158
32
58
32
0
2
2154
22
2398
2
1
20
2210
2
2
39
6
1
2
2
2
28
16
1
2
2
2000
28
14
33
20
2187
21
2210
21
2204
63
63
32
116
114
121
32
97
103
97
105
110
58
32
0
2
2189
22
2398
21
2162
2
3
2
3
6
2
6
1
3
27
2
1
6
2
3
1
3
2
2
27
6
1
3
1
2
28
16
20
2215
21
2271
10
80
114
105
109
101
32
110
117
109
98
101
114
115
32
98
101
116
119
101
101
110
32
50
32
97
110
100
32
0
2
2241
22
2398
1
2
40
21
2284
58
10
10
0
2
2280
22
2398
2
2
40
21
2295
10
0
2
2293
22
2398
2
3
2
3
6
1
3
1
2
28
14
20
2387
2
6
1
3
27
3
2
1
28
35
20
2377
1
3
40
21
2331
10
0
2
2329
22
2398
2
4
1
3
1
3
27
6
2
5
1
3
1
3
29
6
1
5
1
2
28
14
20
2377
2
6
1
5
27
2
0
6
2
5
1
5
1
4
27
6
21
2351
2
3
1
3
2
2
27
6
21
2304
21
2391
10
0
2
2389
22
2398
21
2007
26
9
8
3
8
20
2410
42
2
1
27
21
2399
38
2
24
9
41
8
2
-1
28
20
2434
10
10
6
2
10
28
20
2439
2
1
27
21
2414
11
2
0
6
24
2
0
7
1
24
% relocation dictionary
1
2008
2066
2068
2070
2125
2127
2129
2146
2148
2153
2159
2161
2165
2167
2171
2177
2184
2186
2188
2205
2207
2209
2211
2216
2218
2224
2226
2232
2234
2238
2240
2272
2274
2276
2279
2285
2287
2292
2296
2298
2300
2305
2307
2311
2313
2315
2323
2325
2328
2332
2334
2336
2338
2340
2344
2346
2348
2352
2354
2358
2360
2362
2368
2370
2372
2376
2378
2380
2386
2388
2392
2394
2396
2403
2409
2420
2428
2433
% ENTRY, EXTERN, and PUBLIC references
% end of object module
